21813
21199
23696
21739
21798
22982
20869
20877
20888
21796
21599
21615
21704
21774
21776
21783
23547
20864
21598
21616
21626
21772
21785
23059
23724
20859
20885
21748
21788
21793
23058
23566
20867
20868
21609
21705
21707
21733
21740
21745
21747
21750
21770
21778
21782
21792
23563
23572
23697
23726
23745
23746
20876
21200
22026
23052
23053
23055
23060
23550
23558
23562
23582
23594
20880
21581
21608
22034
23543
23574
23617
23671
23693
23694
23702
23714
21584
21744
21751
21769
22027
23049
23050
23051
23568
23590
23592
23618
23672
23718
23727
23743
