 2.94222
 8.86433
 2.69209
 2.08192
 11.0099
 188.523
 11.3958
 61.0797
 2.28118
 1.74562
 1.48586
 2.1184
 2.15378
 1.76583
 1.651
 1372.07
 1.6
 2.34786
 1.95491
 2.68618
 2.17871
 2.28348
 2410.01
 6.46932
 2323.55
 14.0453
 2.48362
 1.5244
 1.94488
 1338.85
 2191.46
 5.98889
 2124.38
 2.28442
 1.90388
 0
 2.2796
 2.03477
 2.61702
 2.64944
 2.37299
 1.32179
 1.14357
 2.34753
 1.91943
 2402.32
 2405.26
 7.87846
 6.48151
 1528.87
 12.385
 11.4925
 11.0775
 20.5935
 1329.74
 1377.74
 1337.56
 1341.44
 2402.6
 1342.85
 1333.98
 2397.83
 1349.77
 575.925
 1.50465
 1.73847
 21.5672
 2398.14
 2369.11
 1359.48
 14.3884
 11.5409
 11.3801
 11.0546
 5.36853
 1.95075
 4.01187
 2.56422
 2.38756
 16.6406
 2383.94
 2370.58
 1314.77
 1341.26
 1329.41
 1308.68
 1415.24
 8.23823
 808.939
 6.73105
 13.7837
