 1.96861
 22.7879
 2.41991
 2.04955
 3.14939
 643.326
 287.873
 67.6479
 1.85926
 1.86334
 1.58224
 2.49606
 2.43581
 1.93583
 1.568
 1693.4
 0.466667
 2.4734
 1.95208
 2.87203
 2.27897
 2.47391
 2361.2
 21.2357
 2169.28
 318.314
 2.49263
 1.48543
 2.52876
 1528.88
 2359.95
 5.33333
 1924.84
 2.50918
 2.35046
 0
 2.7608
 2.48482
 3.1165
 2.57283
 2.09143
 1.28328
 1.81519
 2.27874
 2.45034
 2325.05
 2346.29
 33.5799
 30.7054
 2195.25
 13.364
 102.925
 4.24832
 4.88381
 1697.2
 1966.24
 1633.39
 1587.81
 2324.77
 1618.17
 1593.73
 2316.26
 1583.22
 1669.79
 1.7337
 2.4192
 4.5068
 2295.28
 2318.85
 1789.95
 50.4027
 24.8226
 39.2043
 15.3855
 29.9218
 1.96407
 7.30861
 34.4068
 2.50207
 6.41244
 2121.28
 2159.36
 1561.16
 1616.76
 1713.5
 1553.9
 2129.17
 43.4907
 1698.16
 29.41
 22.2064
